wandb_version: 1

lr:
  value: 0.01931284071239371
output_regularization:
  value: 0.08369299411613595
