wandb_version: 1

lr:
  value: 0.003428856542540157
output_regularization:
  value: 0.0010311584432304657
