wandb_version: 1

lr:
  value: 0.0015561005118166589
output_regularization:
  value: 0.054985393010907296
