wandb_version: 1

lr:
  value: 0.009767963596146158
output_regularization:
  value: 0.02104901182452716
