wandb_version: 1

lr:
  value: 0.00459747119386539
output_regularization:
  value: 0.08350670616701629
